07069
07068
07070
07074
69302
17710
17711
17712
17713
17709
17720
17721
17722
17723
17724
12328
12312
12311
12313
12314
12315
12316
12317
12318
12319
12320
12326
12327
05728
05729
05730
05731
05732
05733
05734
05727
05739
05740
05741
05742
05743
09848
09849
09850
09851
09854
69345
24955
24956
24941
24960
24961
24962
24943
24946
24947
24940
24952
24954
11310
11311
11313
11309
69534
63226
63227
63228
63229
63230
63231
63232
63225
63236
63237
08916
08917
08918
08919
08920
08921
08924
08915
08925
13631
13632
13633
13634
13635
13636
13630
13640
13641
13642
14882
14883
14884
14886
14887
14888
14893
14894
21870
21871
21872
21869
21874
21878
21883
69364
27206
27207
27208
27209
27213
27214
27215
27216
27217
69411
38525
38527
38529
38530
38532
38533
38524
38534
57948
57949
57934
57935
57936
57937
57939
57940
57941
57942
57933
57943
57947
62159
62160
62163
62164
62158
62168
62169
62170
64211
64210
64212
64213
64209
64219
64218
69546
64287
64284
64291
64292
64293
64280
64281
64288
64283
69206
01987
01988
01991
01992
01986
69236
06472
06473
06474
06476
06477
06478
06471
69281
13213
13197
13198
13199
13200
13201
13202
13203
13196
13208
13209
21942
21943
21944
21945
21949
21950
21941
21951
69368
28108
28109
28110
28111
28112
28115
28116
28107
69389
33266
33267
33268
33269
33270
33273
33274
69396
34823
34824
34825
34826
34827
34830
34831
34832
69402
36930
36931
36932
36933
36936
36937
36929
69413
38994
38999
39000
38990
38991
38995
38997
69422
40115
40116
40117
40118
40119
40121
56557
56558
56556
56563
57628
57629
57630
57631
57632
57633
57634
57635
57638
57639
57640
57641
69531
62967
62968
62970
62964
62975
62965
62979
62966
63665
63666
63667
63668
63669
63672
63673
63664
05629
05630
05631
05632
05633
05634
05636
05637
05638
69238
06835
06839
06832
06833
06834
07389
07390
07391
07392
07393
07394
07397
07388
07398
07399
07400
69257
08935
08936
08937
08938
08942
08944
69298
17084
17085
17086
17087
17090
17091
17083
69316
20980
20981
20982
20983
20986
20987
20978
20979
69325
22114
22115
22116
22117
22120
22121
22113
25322
25323
25324
25325
25326
25329
25330
25321
69359
26713
26712
26714
26715
26717
26719
26972
26973
26974
26975
26976
26971
26980
31750
31751
31752
31753
31755
31756
31749
32156
32157
32158
32160
32163
32154
32155
32320
32321
32322
32323
32324
32325
32326
32333
69395
34733
34734
34736
34737
34738
34732
34742
51057
51056
51058
51059
51060
51061
51063
51064
51066
51067
51068
55364
55365
55366
55368
55369
55361
55362
55363
56838
56839
56840
56841
56842
56843
56844
56846
56837
56848
69533
63204
63205
63207
63208
63200
63201
63202
63203
64087
64088
64090
64091
64084
64085
64086
00624
00625
00626
00627
00628
00629
00631
00632
00623
00633
00634
69213
03005
02999
03000
03001
03002
03003
69233
06333
06334
06335
06337
06330
06331
06332
09966
09967
09950
09953
09954
09955
09956
09957
09949
09960
09963
69274
11772
11773
11767
11768
11769
11770
69282
13325
13326
13327
13328
13329
13323
13333
13334
69283
13697
13698
13699
13702
13703
13695
13696
14627
14622
14624
14625
69290
14673
14674
14675
14676
14680
14671
14681
14672
17015
17016
17017
17019
17020
17013
17014
69307
18329
18323
18324
18325
19261
19264
19257
19258
19259
19260
22954
22955
22960
22952
22953
69343
24638
24639
24640
24641
24636
24648
24649
24651
32248
32249
32250
32253
32254
32255
32246
32257
35511
35512
35513
35516
35517
35518
35509
69430
42831
42832
42833
42836
42829
42830
69431
42958
42959
42960
42961
42962
42956
42966
42967
42969
69433
43166
43170
43171
43173
43174
43167
43168
43169
69455
49602
49595
49596
49597
49598
49599
49600
50037
50038
50039
50040
50041
50044
50045
50046
51221
51223
51224
51225
51226
51227
51220
51231
51232
51233
69511
58502
58503
58497
58498
58499
69524
62246
62247
62248
62250
62251
62244
62245
63789
63790
63791
63792
63793
63795
63788
63799
01383
01384
01385
01386
01387
01388
01391
69225
05230
05231
05232
05233
05234
05238
05229
05239
06365
06359
06360
06363
69252
07963
07966
07960
07961
07962
08429
08431
08424
08425
08426
10147
10148
10149
10151
10157
10158
10159
69269
10895
10898
10892
10893
10894
13158
13160
13161
13155
13156
13157
15034
15035
15037
15038
15032
15033
23771
23774
23775
23766
23776
23767
23768
23769
69370
28205
28210
28201
28211
28202
28203
28204
30831
30832
30833
30834
30835
30840
32948
32949
32950
32953
32954
32945
32955
32946
32947
35454
35455
35456
35458
35452
35453
37886
37881
37882
37883
37884
40840
40841
40834
40835
40836
40837
41030
41032
41025
41026
41027
41028
41029
69439
45265
45267
45261
45262
45263
45264
69440
45438
45433
45434
45435
45436
48105
48106
48107
48108
48109
48114
48115
49173
49175
49176
49178
49181
49182
49183
49174
53273
53274
53275
53268
53269
53270
53271
57278
57282
57283
57284
57285
57276
57286
57287
57277
58362
58363
58365
58366
58360
58361
68012
07076
68041
68028
05744
05746
68019
09855
68024
11316
68183
63239
14896
14898
68048
21885
21887
68110
38538
68192
64297
02000
06480
06481
21954
21955
28119
28120
33279
33280
33281
33282
36938
68114
39001
39002
68122
40122
40126
56567
62984
68187
63677
05641
68010
06842
08945
08946
68035
17095
22125
68068
26721
26723
26982
26983
31762
68084
32164
32335
34743
55370
68182
63211
68189
06341
11774
11777
13707
14628