65225
07085
07086
07087
07088
07089
07090
07091
07092
07093
07094
07095
07096
07097
07098
07099
07071
07072
07073
07077
07078
07079
07080
07081
07082
07083
07084
65539
17732
17733
65540
17734
17714
17715
17716
17717
17718
17719
12337
12338
12321
12322
12323
12324
05748
05749
05750
65167
05735
05736
05737
09865
09866
09867
09869
65328
09853
09857
09858
09859
09860
09861
09862
09863
24972
65824
24973
24948
24950
24951
11327
11328
11329
11330
11312
11317
11318
11319
11320
11321
11322
11323
11324
11325
11326
63241
63242
66778
63233
63234
66779
66780
08928
08929
08922
08923
65298
65299
65300
65415
13647
13648
13637
13638
13639
13644
13645
13646
14901
14903
65445
14889
14891
65717
21888
21889
21890
21891
21875
21876
27220
27221
27210
27211
27212
65890
65891
65889
38542
38544
38531
66183
57952
57953
66606
66607
57944
57945
62174
62175
62165
66743
62166
66742
64223
64224
66818
66816
64215
64216
64217
64290
66820
64299
64300
64289
02002
02003
01989
01990
65043
06475
65200
06485
06486
65403
13216
13217
65402
13205
13206
13207
21946
65721
21956
28125
28113
28114
28124
33285
33286
33271
33284
34828
34829
34838
34839
36945
36946
36934
66147
66146
39005
39006
38996
40120
66246
40128
40129
40130
56573
56574
56576
56577
56578
56579
56560
56568
56569
56571
57646
57647
57636
57637
62971
66769
62986
62973
62987
62988
63679
63670
63671
66798
66799
63678
05643
05644
05635
65162
65163
65161
06836
06837
06838
65216
06844
06845
07403
07395
07396
65242
65241
65294
08953
08955
08939
17097
17088
65506
65507
17096
20984
20985
65677
20991
20992
22129
22130
22118
22119
65731
25337
25338
25339
25327
25328
65843
26736
26739
26741
26716
65884
26977
26978
31766
31767
31754
65996
32161
32162
66008
66007
32166
32167
32336
32337
32338
66015
32327
32328
66014
32329
34746
34739
34741
66098
66099
66097
34745
51077
51081
55367
66575
55374
55375
56851
56852
56845
66591
66592
63206
63213
63214
64089
64096
64097
00639
00630
65009
00636
00638
03004
03007
03008
65085
65086
65084
06336
65187
06342
06343
09969
09970
65332
09961
09962
11771
11779
11780
13337
13330
13331
65408
65409
13335
13336
13700
13701
13709
13710
14626
65434
14632
14633
14677
14678
14679
65439
65440
14684
14685
17018
65503
65504
17024
17025
17026
18326
18328
65601
18334
18335
19262
19263
65635
19268
19269
65761
22956
22959
22966
22967
24659
24660
24642
24643
24645
66010
32263
32251
32252
32259
32260
32261
35514
35515
66112
35522
35523
42835
66296
42842
42843
42976
42977
66297
42963
42964
43172
43177
43178
43179
43180
49601
49604
49605
49606
50042
50043
66441
50051
50052
51228
51229
66469
51230
51234
51235
51236
58505
58506
66644
58507
58508
58500
58501
62249
62258
62259
63805
63806
63794
66804
01390
65029
01396
01397
01398
05236
05237
65144
65145
05243
65192
06370
06371
06361
06362
07964
65263
07972
07973
08427
08428
65278
08436
08437
10162
10164
10166
65341
65342
10156
10896
65362
65363
10903
10904
13159
13166
13167
13168
15036
65449
65450
15042
15043
65792
23782
23772
23773
23780
28206
28207
28208
28213
28214
30847
30848
30849
30837
30838
66038
32951
32957
32959
66111
35457
35464
35465
35466
35467
37885
37893
37894
40838
40839
40846
40847
41031
41036
41037
45266
66351
45272
45273
66355
45442
45443
45437
48122
48123
48124
48126
48111
48112
49179
49180
49187
49188
53272
66531
66532
53278
53279
57279
57280
57281
57290
57291
58364
66637
66638
66639
66640
58369
58370