68208
70212
70266
67424
07075
70173
68538
68042
68660
17725
17726
17727
17728
17729
17730
17731
67594
12306
69054
12329
12330
12331
12332
12333
12335
12336
67519
05724
70348
68007
05747
09847
70230
68580
70263
09856
67483
24857
68292
24965
24969
24970
24971
67715
11305
68870
11314
11315
63219
68890
63240
67066
63238
08909
68018
70326
68790
67468
67470
08926
08927
70332
68592
67535
13643
14855
70015
68586
68033
14899
14900
14895
70234
21886
67660
67659
21884
27194
27219
67757
27218
38482
68406
38539
38540
38541
67934
38536
57919
57950
67299
62152
68852
68918
68177
62173
67036
62171
62172
64201
68416
68190
70306
68992
67012
64221
64222
64275
64294
64295
64296
64298
01912
68001
68720
01995
67356
01996
01997
01998
01999
06455
68230
70244
67414
06482
06483
06484
70271
13214
21933
70361
68050
68674
68688
67663
21952
21953
28074
70270
28118
28121
28122
28123
68093
70299
33277
33278
33283
34822
70308
67873
34833
34834
34835
34836
34837
36927
67908
36939
36940
36941
36942
36944
38982
70345
68694
68770
39003
67937
39004
40114
70310
70249
40123
67949
40124
56552
70323
68972
56564
67275
56566
69092
57645
67292
57642
57643
62944
68330
62982
67057
67058
63662
68764
67078
63675
63676
05628
67400
05639
05642
06822
68274
06840
06841
67420
06843
07383
67431
07401
07402
08950
08951
08952
67465
08947
08948
08949
17076
68632
17092
67578
17093
20976
69016
67642
20988
20989
20990
22109
67667
22124
22126
22127
22128
25318
70176
68528
67722
25332
25333
26688
68396
67745
26722
26724
26726
70016
68350
68070
67750
26981
26984
26985
26986
31746
31765
31757
31758
67817
31759
31763
31764
32146
68085
68904
67827
32165
32319
67829
32334
34685
68794
67872
34744
51054
68928
67188
51069
51070
51071
51072
55356
68428
68162
68624
55371
55372
55373
56835
67278
67279
56849
56850
63191
68622
70245
63209
63210
63212
64082
70296
70132
64092
64093
67009
67010
64094
64095
00618
67342
00635
02997
68003
68576
70309
03006
67367
06326
70107
06338
06339
67411
06340
09945
70379
09968
11752
68202
68027
11775
11776
67514
11778
13309
67531
67530
13681
13704
67536
13705
13706
13708
14621
68032
70152
68988
69048
14629
14630
67550
14669
14682
14683
17007
68842
70049
17022
67579
17023
18316
68520
68044
69086
18331
18332
67610
67611
18333
19255
68344
68046
70051
19265
19266
67624
19267
68053
68692
68054
70376
22961
22962
22963
22964
22965
24655
24656
24657
24658
24652
68086
69068
67826
32258
35506
68099
68974
67886
35519
35520
35521
42827
68132
68398
70246
42838
67990
42840
42841
42953
42974
42971
42972
68288
68133
43175
67081
43176
49577
68218
68510
70207
68145
49603
67170
50036
67177
50047
50048
50050
51206
70355
58488
68294
70356
68171
58504
67309
62241
68178
68540
62253
67038
62254
62256
62257
63769
68924
63804
67003
63801
63802
63803
01382
67350
01392
01393
01394
01395
05227
68612
67392
05241
06355
68338
70357
70359
06366
06367
06368
67413
06369
07957
70242
69028
07967
07968
07969
67446
07971
08421
68368
68016
08432
08433
67451
08434
08435
10146
10161
67489
67490
10160
10888
68374
10899
10900
10901
67501
10902
13154
70030
68029
69004
13162
67527
13164
13165
15031
70119
15039
15040
67555
67556
15041
70029
23777
67697
23778
28187
70295
68954
67776
28212
30830
68320
68079
67802
30841
30842
30843
68636
70325
68089
67840
32956
68810
35460
35461
67890
35462
35463
37879
70237
68544
37887
37888
37889
37890
67925
37891
37892
40816
68364
68125
40842
40843
67958
40844
40845
41008
68446
70211
68127
41033
41034
67961
41035
45252
70378
45268
45269
45270
67111
45271
45432
68137
68726
70247
45439
45440
45441
67114
68142
67143
67142
48117
48120
68856
67159
67161
49184
49185
49186
53258
68336
70335
53276
53277
67227
57273
67287
57288
57289
58359
70026
58367
58368
67306